Result = 
208383 147299 125030 221496 129041 188137 99365 119463 68841 192955 
164149 175047 138656 198927 115539 219917 128197 21558 46088 151227 
166749 140863 114357 186910 146685 170921 89714 59176 66031 155216 
136647 70797 101235 211181 51938 128459 110903 53289 48886 82747 
125224 71541 119389 159213 108074 144714 87506 55300 61239 119882 
156764 137342 122012 209647 143195 149884 108408 13368 45292 119319 
145828 141283 83129 155112 122067 161873 105980 25969 49238 96683 
161793 97817 86203 162318 87605 149870 109504 58568 58895 90870 
163287 100847 100650 226573 55280 134355 133418 40658 33066 79764 
184777 82622 130428 206342 119440 121589 83372 91081 54084 149890 

Size = 10x10
Time = 0.019 ms
