matrix A = 
88 2 97 24 87 38 54 82 24 43 
2 62 44 77 41 41 53 88 48 93 
56 15 55 71 77 41 72 82 62 3 
43 36 29 49 98 88 34 6 22 27 
7 30 99 68 13 31 33 19 8 45 
23 54 40 95 90 52 35 68 99 13 
3 34 36 28 39 58 77 67 94 29 
32 15 44 12 28 67 81 7 64 48 
7 65 61 14 80 69 4 4 46 91 
80 23 99 57 59 27 4 19 45 38 
matrix B = 
691 74 295 405 53 178 -131 662 200 624 
225 233 -157 448 -53 129 -96 -149 365 -3 
571 85 385 634 692 348 223 533 357 538 
54 16 679 313 406 370 196 -196 61 375 
259 300 -99 631 4 -34 231 -146 18 31 
149 -185 537 671 -133 545 631 460 2 -53 
436 510 -101 163 341 681 166 6 553 304 
25 661 212 10 302 581 27 147 -101 526 
454 312 79 165 544 -78 206 -182 -116 -38 
599 544 468 511 -91 681 571 40 -140 408 
